Matrice dimensioni: 5x6
3.82 2.98 0.08 4.22 7.37 8.44 
4.03 4.38 3.69 6.88 6.54 8.26 
4.72 1.06 0.31 3.64 7.81 3.94 
8.01 7.25 5.80 5.24 6.07 4.79 
7.81 3.40 7.91 3.58 6.62 4.83 
Matrice trasposta
3.82 4.03 4.72 8.01 7.81 
2.98 4.38 1.06 7.25 3.40 
0.08 3.69 0.31 5.80 7.91 
4.22 6.88 3.64 5.24 3.58 
7.37 6.54 7.81 6.07 6.62 
8.44 8.26 3.94 4.79 4.83 
